%YAML:1.0
cam1_K: !!opencv-matrix
   rows: 3
   cols: 3
   dt: d
   data: [ 3.7100849218014678e+003, 0., 1.3746902341596115e+003, 0.,
       3.7214599001774359e+003, 1.0273633522131670e+003, 0., 0., 1. ]
cam1_kc: !!opencv-matrix
   rows: 1
   cols: 5
   dt: d
   data: [ -6.9715844170822494e-002, 3.1004303258637348e-002,
       3.3802848327605687e-003, 8.7235215874081288e-003, 0. ]