%YAML:1.0
cam1_K: !!opencv-matrix
   rows: 3
   cols: 3
   dt: d
   data: [ 3.6736667354221777e+003, 0., 1.2409547556034249e+003, 0.,
       3.6620411396265740e+003, 1.0297896825600153e+003, 0., 0., 1. ]
cam1_kc: !!opencv-matrix
   rows: 1
   cols: 5
   dt: d
   data: [ -1.2141297390240090e-001, 2.2140420697265412e-001,
       -4.9882971422997497e-004, 6.1392653805628777e-004, 0. ]
