%YAML:1.0
cam1_K: !!opencv-matrix
   rows: 3
   cols: 3
   dt: d
   data: [ 3.7789524243853311e+003, 0., 1.3947335942110331e+003, 0.,
       3.7689460718827745e+003, 8.9311246799104197e+002, 0., 0., 1. ]
cam1_kc: !!opencv-matrix
   rows: 1
   cols: 5
   dt: d
   data: [ -1.6721895214413596e-001, 2.0876825168113117e-001,
       -1.1203911986405142e-002, 5.1596781522825416e-003, 0. ]